500
300
2
502
1002
1502
2002
2502
3002
3502
4002
4502
5002
5502
6002
6502
7002
7502
8002
8502
9002
9502
10002
10502
11002
11502
12002
12502
13002
13502
14002
14502
15002
15502
16002
16502
17002
17502
18002
18502
19002
19502
20002
20502
21002
21502
22002
22502
23002
23502
24002
24502
25002
25502
26002
26502
27002
27502
28002
28502
29002
29502
30002
30502
31002
31502
32002
32502
33002
33502
34002
34502
35002
35502
36002
36502
37002
37502
38002
38502
39002
39502
40002
40502
41002
41502
42002
42502
43002
43502
44002
44502
45002
45502
46002
46502
47002
47502
48002
48502
49002
49502
50002
50502
51002
51502
52002
52502
53002
53502
54002
54502
55002
55502
56002
56502
57002
57502
58002
58502
59002
59502
60002
60502
61002
61502
62002
62502
63002
63502
64002
64502
65002
65502
66002
66502
67002
67502
68002
68502
69002
69502
70002
70502
71002
71502
72002
72502
73002
73502
74002
74502
75002
75502
76002
76502
77002
77502
78002
78502
79002
79502
80002
80502
81002
81502
82002
82502
83002
83502
84002
84502
85002
85502
86002
86502
87002
87502
88002
88502
89002
89502
90002
90502
91002
91502
92002
92502
93002
93502
94002
94502
95002
95502
96002
96502
97002
97502
98002
98502
99002
99502
100002
100502
101002
101502
102002
102502
103002
103502
104002
104502
105002
105502
106002
106502
107002
107502
108002
108502
109002
109502
110002
110502
111002
111502
112002
112502
113002
113502
114002
114502
115002
115502
116002
116502
117002
117502
118002
118502
119002
119502
120002
120502
121002
121502
122002
122502
123002
123502
124002
124502
125002
125502
126002
126502
127002
127502
128002
128502
129002
129502
130002
130502
131002
131502
132002
132502
133002
133502
134002
134502
135002
135502
136002
136502
137002
137502
138002
138502
139002
139502
140002
140502
141002
141502
142002
142502
143002
143502
144002
144502
145002
145502
146002
146502
147002
147502
148002
148502
149002
149502
300
2
502
1002
1502
2002
2502
3002
3502
4002
4502
5002
5502
6002
6502
7002
7502
8002
8502
9002
9502
10002
10502
11002
11502
12002
12502
13002
13502
14002
14502
15002
15502
16002
16502
17002
17502
18002
18502
19002
19502
20002
20502
21002
21502
22002
22502
23002
23502
24002
24502
25002
25502
26002
26502
27002
27502
28002
28502
29002
29502
30002
30502
31002
31502
32002
32502
33002
33502
34002
34502
35002
35502
36002
36502
37002
37502
38002
38502
39002
39502
40002
40502
41002
41502
42002
42502
43002
43502
44002
44502
45002
45502
46002
46502
47002
47502
48002
48502
49002
49502
50002
50502
51002
51502
52002
52502
53002
53502
54002
54502
55002
55502
56002
56502
57002
57502
58002
58502
59002
59502
60002
60502
61002
61502
62002
62502
63002
63502
64002
64502
65002
65502
66002
66502
67002
67502
68002
68502
69002
69502
70002
70502
71002
71502
72002
72502
73002
73502
74002
74502
75002
75502
76002
76502
77002
77502
78002
78502
79002
79502
80002
80502
81002
81502
82002
82502
83002
83502
84002
84502
85002
85502
86002
86502
87002
87502
88002
88502
89002
89502
90002
90502
91002
91502
92002
92502
93002
93502
94002
94502
95002
95502
96002
96502
97002
97502
98002
98502
99002
99502
100002
100502
101002
101502
102002
102502
103002
103502
104002
104502
105002
105502
106002
106502
107002
107502
108002
108502
109002
109502
110002
110502
111002
111502
112002
112502
113002
113502
114002
114502
115002
115502
116002
116502
117002
117502
118002
118502
119002
119502
120002
120502
121002
121502
122002
122502
123002
123502
124002
124502
125002
125502
126002
126502
127002
127502
128002
128502
129002
129502
130002
130502
131002
131502
132002
132502
133002
133502
134002
134502
135002
135502
136002
136502
137002
137502
138002
138502
139002
139502
140002
140502
141002
141502
142002
142502
143002
143502
144002
144502
145002
145502
146002
146502
147002
147502
148002
148502
149002
149502
300
2
502
1002
1502
2002
2502
3002
3502
4002
4502
5002
5502
6002
6502
7002
7502
8002
8502
9002
9502
10002
10502
11002
11502
12002
12502
13002
13502
14002
14502
15002
15502
16002
16502
17002
17502
18002
18502
19002
19502
20002
20502
21002
21502
22002
22502
23002
23502
24002
24502
25002
25502
26002
26502
27002
27502
28002
28502
29002
29502
30002
30502
31002
31502
32002
32502
33002
33502
34002
34502
35002
35502
36002
36502
37002
37502
38002
38502
39002
39502
40002
40502
41002
41502
42002
42502
43002
43502
44002
44502
45002
45502
46002
46502
47002
47502
48002
48502
49002
49502
50002
50502
51002
51502
52002
52502
53002
53502
54002
54502
55002
55502
56002
56502
57002
57502
58002
58502
59002
59502
60002
60502
61002
61502
62002
62502
63002
63502
64002
64502
65002
65502
66002
66502
67002
67502
68002
68502
69002
69502
70002
70502
71002
71502
72002
72502
73002
73502
74002
74502
75002
75502
76002
76502
77002
77502
78002
78502
79002
79502
80002
80502
81002
81502
82002
82502
83002
83502
84002
84502
85002
85502
86002
86502
87002
87502
88002
88502
89002
89502
90002
90502
91002
91502
92002
92502
93002
93502
94002
94502
95002
95502
96002
96502
97002
97502
98002
98502
99002
99502
100002
100502
101002
101502
102002
102502
103002
103502
104002
104502
105002
105502
106002
106502
107002
107502
108002
108502
109002
109502
110002
110502
111002
111502
112002
112502
113002
113502
114002
114502
115002
115502
116002
116502
117002
117502
118002
118502
119002
119502
120002
120502
121002
121502
122002
122502
123002
123502
124002
124502
125002
125502
126002
126502
127002
127502
128002
128502
129002
129502
130002
130502
131002
131502
132002
132502
133002
133502
134002
134502
135002
135502
136002
136502
137002
137502
138002
138502
139002
139502
140002
140502
141002
141502
142002
142502
143002
143502
144002
144502
145002
145502
146002
146502
147002
147502
148002
148502
149002
149502
