500
300
431
655
82
438
342
751
2
65
259
835
217
969
598
682
501
326
501
126
575
76
20
654
680
75
994
134
555
302
363
849
975
510
77
273
445
114
725
947
724
920
108
935
209
737
573
714
186
763
964
126
397
871
480
951
256
211
998
101
407
363
137
977
411
298
219
518
646
998
971
67
445
827
330
761
786
317
890
393
755
118
305
336
691
301
135
543
161
59
295
113
580
782
139
455
563
686
811
530
889
230
402
524
710
366
312
475
774
769
645
734
818
81
998
221
806
319
438
94
363
559
104
486
483
108
622
905
836
56
518
525
487
4
977
679
486
456
89
369
329
161
244
917
50
29
485
812
410
122
227
586
424
535
110
528
285
28
114
592
894
15
396
236
891
272
401
384
219
683
133
547
825
960
752
602
165
307
182
270
446
427
677
169
408
58
125
89
573
202
393
49
287
153
621
204
339
768
612
278
290
667
622
756
808
285
937
820
606
759
938
681
764
20
464
211
120
624
215
611
994
239
426
997
894
10
465
525
385
129
192
805
646
264
369
346
751
644
246
593
890
850
550
935
992
797
903
149
358
357
206
32
777
372
315
991
649
585
4
529
426
165
495
519
944
451
503
772
375
756
313
21
848
495
497
876
427
220
366
691
136
280
35
235
548
136
300
44
976
83
464
176
104
77
878
574
759
4
918
907
629
896
300
914
617
311
793
650
559
939
141
152
330
127
110
350
156
654
14
412
648
89
419
594
801
881
775
200
420
577
299
91
860
982
175
801
182
861
533
496
335
157
992
336
204
84
625
523
292
470
413
543
105
396
419
455
3
643
398
59
437
832
992
591
961
158
19
542
16
134
874
236
919
975
81
61
542
623
490
849
383
78
337
4
280
153
608
811
471
38
629
554
647
407
489
218
985
45
915
303
711
82
320
968
542
66
410
987
841
867
414
138
698
850
142
12
645
490
354
7
74
532
387
637
902
843
931
79
745
915
903
115
924
65
33
382
126
923
995
176
842
987
404
591
366
392
174
265
40
540
750
466
940
630
492
532
176
351
54
335
179
989
635
325
10
795
585
218
398
458
808
4
686
198
474
28
683
544
11
909
350
949
747
555
409
778
16
327
475
455
40
801
66
647
942
532
153
20
802
115
870
452
66
819
736
561
760
623
896
742
339
537
342
640
883
118
233
947
555
46
729
836
299
72
802
731
416
740
521
832
927
995
860
542
311
807
238
618
139
760
439
650
988
903
761
858
386
780
915
529
120
77
266
455
71
622
312
230
807
265
677
590
578
654
413
795
689
926
971
860
306
85
686
240
54
298
161
149
896
72
837
334
303
177
440
584
1
798
822
274
756
878
92
476
577
954
159
870
125
142
1
810
427
300
431
655
82
438
342
751
2
65
259
835
217
969
598
682
501
326
501
126
575
76
20
654
680
75
994
134
555
302
363
849
975
510
77
273
445
114
725
947
724
920
108
935
209
737
573
714
186
763
964
126
397
871
480
951
256
211
998
101
407
363
137
977
411
298
219
518
646
998
971
67
445
827
330
761
786
317
890
393
755
118
305
336
691
301
135
543
161
59
295
113
580
782
139
455
563
686
811
530
889
230
402
524
710
366
312
475
774
769
645
734
818
81
998
221
806
319
438
94
363
559
104
486
483
108
622
905
836
56
518
525
487
4
977
679
486
456
89
369
329
161
244
917
50
29
485
812
410
122
227
586
424
535
110
528
285
28
114
592
894
15
396
236
891
272
401
384
219
683
133
547
825
960
752
602
165
307
182
270
446
427
677
169
408
58
125
89
573
202
393
49
287
153
621
204
339
768
612
278
290
667
622
756
808
285
937
820
606
759
938
681
764
20
464
211
120
624
215
611
994
239
426
997
894
10
465
525
385
129
192
805
646
264
369
346
751
644
246
593
890
850
550
935
992
797
903
149
358
357
206
32
777
372
315
991
649
585
4
529
426
165
495
519
944
451
503
772
375
756
313
21
848
495
497
876
427
220
366
691
136
280
35
235
548
136
300
44
976
83
464
176
104
77
878
574
759
4
918
907
629
896
