163
65
800
417
344
518
395
413
275
86
134
31
962
456
100
227
813
620
773
441
317
742
579
847
430
758
698
271
626
770
323
523
664
647
120
394
679
893
271
267
421
105
38
494
564
844
286
366
859
535
875
697
453
993
50
752
383
915
198
616
759
101
716
738
444
881
762
65
23
683
162
276
894
991
838
891
991
277
388
139
981
691
150
962
49
613
485
622
474
155
445
54
889
316
289
352
732
720
80
451
692
971
456
534
730
223
336
904
292
751
573
603
469
168
611
692
15
445
570
299
945
122
810
948
323
86
652
846
877
126
851
759
559
65
800
417
344
518
395
413
275
86
134
31
962
456
100
227
813
620
773
441
317
742
579
847
430
758
698
271
626
770
323
523
664
647
120
394
679
893
271
267
421
105
38
494
564
844
286
366
859
535
875
697
453
993
50
752
383
915
198
616
759
101
716
738
444
881
762
